
Epoch: 265	 Overall Acc (Tr): 0.9591	 Overall Acc (Val): 0.9410	 mIOU (Tr): 0.7838	 mIOU (Val): 0.6628
Per Class Training Acc: [0.98445249 0.95126872 0.9482402  0.87629118 0.86760214 0.73874416
 0.74809003 0.83095403 0.95307072 0.90912647 0.97963272 0.91098712
 0.74108329 0.97524274 0.93054962 0.94476029 0.94793347 0.80750421
 0.84248229]
Per Class Validation Acc: [0.98244627 0.90219649 0.93131392 0.57016116 0.69126136 0.72542085
 0.73570095 0.77121204 0.94806934 0.73406524 0.9817819  0.88669757
 0.66155679 0.96605597 0.5663624  0.80786232 0.62700191 0.52820673
 0.83266133]
Per Class Training mIOU: [0.98055893 0.8724947  0.91951617 0.75428735 0.72256458 0.56323921
 0.56550624 0.66796413 0.91429903 0.78175284 0.94118158 0.76519224
 0.5981259  0.93148953 0.8413271  0.86311159 0.8796682  0.65799935
 0.67236882]
Per Class Validation mIOU: [0.9723688  0.78730316 0.88891686 0.49438765 0.52826271 0.53922322
 0.53675755 0.63077293 0.90306029 0.57741003 0.9267797  0.68948786
 0.47489784 0.90137184 0.49838029 0.68254414 0.50478042 0.41081619
 0.64626821]