
Epoch: 1496	 Overall Acc (Tr): 0.9500	 Overall Acc (Val): 0.9408	 mIOU (Tr): 0.7476	 mIOU (Val): 0.6822
Per Class Training Acc: [0.98086327 0.93323068 0.93613282 0.81597855 0.8205655  0.69606966
 0.69956905 0.79807739 0.94272017 0.87545859 0.97619505 0.9098791
 0.70850904 0.97237858 0.89597212 0.92655501 0.91826705 0.76900063
 0.81316886]
Per Class Validation Acc: [0.97767217 0.91149589 0.93437111 0.66369048 0.66633196 0.68368381
 0.72030694 0.78856694 0.94605409 0.74263566 0.97236268 0.8841262
 0.65256785 0.96698908 0.82646608 0.83252694 0.68134968 0.55983219
 0.84915439]
Per Class Training mIOU: [0.97574878 0.8327958  0.89956655 0.68342906 0.65340693 0.51010597
 0.52080851 0.62716696 0.89692499 0.72072084 0.93303174 0.75973423
 0.55822646 0.92316371 0.79949405 0.82894927 0.83404085 0.61541893
 0.63140401]
Per Class Validation mIOU: [0.96968873 0.78337403 0.89056161 0.54196461 0.50632178 0.50828686
 0.53704436 0.63937169 0.9003015  0.59185941 0.9305629  0.69673412
 0.48685774 0.9076233  0.69639227 0.71268287 0.58147329 0.44382354
 0.63715583]