
Epoch: 273	 Overall Acc (Tr): 0.9579	 Overall Acc (Val): 0.9404	 mIOU (Tr): 0.7774	 mIOU (Val): 0.6687
Per Class Training Acc: [0.98418103 0.94844208 0.94696463 0.86451124 0.85710854 0.7376437
 0.74288201 0.82803035 0.95164416 0.9007486  0.9797577  0.90762347
 0.71967301 0.97474799 0.93048459 0.94050467 0.94702054 0.78388874
 0.83881557]
Per Class Validation Acc: [0.9794103  0.90544133 0.93070548 0.62741977 0.66447349 0.7159486
 0.73071405 0.76061673 0.94960457 0.75046504 0.98247473 0.87556011
 0.61404588 0.96558635 0.71535034 0.76852715 0.71367111 0.54348446
 0.82291485]
Per Class Training mIOU: [0.97999324 0.86845873 0.91726706 0.73691532 0.70461199 0.56374449
 0.56220419 0.66707108 0.91187095 0.77036185 0.93985527 0.75803202
 0.57322255 0.92962428 0.83895718 0.86191373 0.88098515 0.6452655
 0.66004601]
Per Class Validation mIOU: [0.97125132 0.78042913 0.89230507 0.505044   0.51669518 0.54721314
 0.54678662 0.64315013 0.8977093  0.5669051  0.91582693 0.68641998
 0.47060653 0.90174079 0.59584613 0.68368143 0.53700064 0.41260087
 0.63336335]